149.24
159.99
161.51
149.83
169.00
172.16
171.00
169.99
174.68
185.20
179.99
171.72
186.53
186.99
192.28
193.11
196.32
200.81
208.22
212.27
222.21
240.13
233.37
217.63
251.89
246.17
236.65
262.88
262.88
262.88
262.88
262.88
262.88
262.88
263.09
263.13
264.11
264.70
264.70
264.83
265.20
265.20
265.20
265.90
266.17
266.91
261.01
267.99
271.12
275.46
276.90
278.93
282.98
285.76
268.41
238.20
274.15
307.41
315.56
193.11
274.80
292.75
316.08
381.24
398.25
392.02
447.12
426.37
431.00
193.99
204.36
262.88
262.88
263.09
263.13
264.70
265.20
266.17
309.78
236.10
262.88
262.88
262.88
264.70
264.70
264.70
265.20
394.67